              precision    recall  f1-score   support

           0       1.00      1.00      1.00        20
           1       1.00      1.00      1.00        20
           2       0.95      1.00      0.98        20
           3       1.00      0.95      0.97        20
          10       0.95      0.95      0.95        20
          17       1.00      1.00      1.00        20
          20       0.95      1.00      0.98        20
          33       1.00      0.95      0.97        20
          38       1.00      1.00      1.00        20
          39       1.00      1.00      1.00        20

    accuracy                           0.98       200
   macro avg       0.99      0.98      0.98       200
weighted avg       0.99      0.98      0.98       200
