Processor used to perform tests: Intel(R) Core(TM) i5-8300H CPU @ 2.30GHz
C,gamma,kernel,test_accuracy,test_f1_weighted,learn_time,test_time
60,0.001,rbf,0.8938,0.8973,160.51,16.68
60,0.003,rbf,0.9333,0.9339,137.90,16.35
60,0.005,rbf,0.9333,0.9336,142.96,17.18
60,0.007,rbf,0.9340,0.9344,163.12,18.37
60,0.009000000000000001,rbf,0.9368,0.9372,188.16,18.84
60,0.011,rbf,0.9382,0.9386,214.29,19.80
60,0.013000000000000001,rbf,0.9389,0.9391,241.14,20.62
60,0.015,rbf,0.9382,0.9386,269.68,20.91
60,0.017,rbf,0.9347,0.9352,304.02,21.42
60,0.019000000000000003,rbf,0.9313,0.9318,325.66,22.11
60,0.021,rbf,0.9306,0.9310,347.80,22.00
60,0.023,rbf,0.9299,0.9303,373.74,22.88
60,0.025,rbf,0.9292,0.9295,408.02,23.96
60,0.027000000000000003,rbf,0.9271,0.9275,435.43,22.87
60,0.029,rbf,0.9243,0.9246,461.30,25.26
60,0.031,rbf,0.9236,0.9240,491.32,23.05
65,0.001,rbf,0.9007,0.9037,190.53,16.41
65,0.003,rbf,0.9326,0.9332,162.87,15.66
65,0.005,rbf,0.9340,0.9342,175.34,19.01
65,0.007,rbf,0.9347,0.9352,204.05,17.66
65,0.009000000000000001,rbf,0.9375,0.9378,218.87,18.41
65,0.011,rbf,0.9389,0.9391,235.31,19.53
65,0.013000000000000001,rbf,0.9410,0.9412,255.95,20.69
65,0.015,rbf,0.9361,0.9366,289.00,21.06
65,0.017,rbf,0.9333,0.9338,305.11,21.59
65,0.019000000000000003,rbf,0.9306,0.9311,330.88,22.17
65,0.021,rbf,0.9306,0.9309,352.45,21.82
65,0.023,rbf,0.9299,0.9303,381.88,22.44
65,0.025,rbf,0.9292,0.9295,412.57,23.02
65,0.027000000000000003,rbf,0.9285,0.9289,426.47,23.29
65,0.029,rbf,0.9250,0.9253,450.36,23.80
65,0.031,rbf,0.9243,0.9247,478.59,23.58
70,0.001,rbf,0.9042,0.9070,177.97,16.52
70,0.003,rbf,0.9333,0.9340,158.30,16.66
70,0.005,rbf,0.9333,0.9335,167.87,17.37
70,0.007,rbf,0.9368,0.9371,186.60,18.30
70,0.009000000000000001,rbf,0.9382,0.9385,209.49,18.78
70,0.011,rbf,0.9382,0.9385,233.52,19.57
70,0.013000000000000001,rbf,0.9410,0.9412,262.34,20.50
70,0.015,rbf,0.9347,0.9352,285.13,21.23
70,0.017,rbf,0.9326,0.9331,306.52,22.14
70,0.019000000000000003,rbf,0.9313,0.9317,331.54,21.73
70,0.021,rbf,0.9313,0.9317,358.44,21.95
70,0.023,rbf,0.9306,0.9310,376.98,22.24
70,0.025,rbf,0.9285,0.9289,401.27,23.07
70,0.027000000000000003,rbf,0.9292,0.9296,431.58,23.88
70,0.029,rbf,0.9278,0.9282,463.60,22.80
70,0.031,rbf,0.9250,0.9254,482.90,23.22
75,0.001,rbf,0.9049,0.9078,173.26,16.91
75,0.003,rbf,0.9319,0.9325,156.00,16.07
75,0.005,rbf,0.9347,0.9351,168.37,18.39
75,0.007,rbf,0.9375,0.9378,188.28,17.96
75,0.009000000000000001,rbf,0.9389,0.9391,212.03,19.24
75,0.011,rbf,0.9375,0.9378,229.84,20.59
75,0.013000000000000001,rbf,0.9403,0.9405,261.04,20.13
75,0.015,rbf,0.9340,0.9345,286.15,21.56
75,0.017,rbf,0.9333,0.9339,312.14,21.38
75,0.019000000000000003,rbf,0.9306,0.9310,337.89,21.66
75,0.021,rbf,0.9313,0.9317,358.74,21.73
75,0.023,rbf,0.9306,0.9310,386.26,23.38
75,0.025,rbf,0.9292,0.9296,400.23,23.59
75,0.027000000000000003,rbf,0.9299,0.9303,424.06,23.50
75,0.029,rbf,0.9278,0.9282,463.84,23.37
75,0.031,rbf,0.9257,0.9261,472.66,27.66
80,0.001,rbf,0.9090,0.9114,173.81,16.17
80,0.003,rbf,0.9333,0.9338,156.59,16.49
80,0.005,rbf,0.9347,0.9350,165.06,18.08
80,0.007,rbf,0.9382,0.9385,186.09,16.03
80,0.009000000000000001,rbf,0.9389,0.9391,214.64,18.70
80,0.011,rbf,0.9389,0.9392,247.89,19.59
80,0.013000000000000001,rbf,0.9382,0.9384,254.12,17.89
80,0.015,rbf,0.9333,0.9338,306.19,26.83
80,0.017,rbf,0.9347,0.9352,333.83,19.82
80,0.019000000000000003,rbf,0.9313,0.9317,350.27,23.77
80,0.021,rbf,0.9306,0.9309,383.33,20.02
80,0.023,rbf,0.9306,0.9310,377.00,27.43
80,0.025,rbf,0.9299,0.9303,437.05,25.59
80,0.027000000000000003,rbf,0.9299,0.9303,446.23,27.93
80,0.029,rbf,0.9278,0.9282,447.89,24.91
80,0.031,rbf,0.9264,0.9268,496.35,21.12
85,0.001,rbf,0.9153,0.9175,169.98,14.09
85,0.003,rbf,0.9326,0.9330,169.64,16.90
85,0.005,rbf,0.9347,0.9350,176.17,17.29
85,0.007,rbf,0.9389,0.9392,184.35,15.96
85,0.009000000000000001,rbf,0.9396,0.9398,231.14,17.02
85,0.011,rbf,0.9382,0.9384,225.80,21.40
85,0.013000000000000001,rbf,0.9368,0.9371,272.68,24.85
85,0.015,rbf,0.9354,0.9358,316.49,23.20
85,0.017,rbf,0.9347,0.9352,336.93,23.50
85,0.019000000000000003,rbf,0.9313,0.9317,355.19,25.02
85,0.021,rbf,0.9313,0.9317,376.85,25.51
85,0.023,rbf,0.9313,0.9317,405.75,26.77
85,0.025,rbf,0.9299,0.9303,418.55,19.63
85,0.027000000000000003,rbf,0.9306,0.9310,448.76,19.89
85,0.029,rbf,0.9278,0.9282,473.62,21.31
85,0.031,rbf,0.9271,0.9275,480.44,22.27
90,0.001,rbf,0.9146,0.9167,166.65,14.39
90,0.003,rbf,0.9333,0.9337,170.77,18.32
90,0.005,rbf,0.9361,0.9363,167.89,20.54
90,0.007,rbf,0.9396,0.9399,182.93,17.82
90,0.009000000000000001,rbf,0.9382,0.9384,222.10,21.22
90,0.011,rbf,0.9375,0.9378,230.14,16.93
90,0.013000000000000001,rbf,0.9354,0.9357,244.54,17.52
90,0.015,rbf,0.9354,0.9359,297.74,18.20
90,0.017,rbf,0.9340,0.9346,330.53,22.84
90,0.019000000000000003,rbf,0.9306,0.9311,351.03,20.78
90,0.021,rbf,0.9313,0.9317,377.64,24.02
90,0.023,rbf,0.9319,0.9324,419.61,19.30
90,0.025,rbf,0.9299,0.9303,422.91,24.31
90,0.027000000000000003,rbf,0.9299,0.9303,413.51,26.62
90,0.029,rbf,0.9278,0.9282,472.70,27.27
90,0.031,rbf,0.9264,0.9268,475.88,25.93
95,0.001,rbf,0.9187,0.9205,168.27,14.35
95,0.003,rbf,0.9333,0.9337,191.07,19.08
95,0.005,rbf,0.9368,0.9370,165.60,20.72
95,0.007,rbf,0.9396,0.9399,189.94,19.34
95,0.009000000000000001,rbf,0.9396,0.9398,214.64,22.57
95,0.011,rbf,0.9368,0.9371,242.50,17.10
95,0.013000000000000001,rbf,0.9354,0.9357,260.15,24.32
95,0.015,rbf,0.9347,0.9352,294.59,26.69
95,0.017,rbf,0.9333,0.9339,331.79,25.27
95,0.019000000000000003,rbf,0.9313,0.9318,326.21,26.12
95,0.021,rbf,0.9326,0.9331,336.32,23.82
95,0.023,rbf,0.9319,0.9325,409.54,18.81
95,0.025,rbf,0.9306,0.9310,420.21,19.44
95,0.027000000000000003,rbf,0.9299,0.9303,457.61,28.44
95,0.029,rbf,0.9264,0.9268,471.53,27.98
95,0.031,rbf,0.9264,0.9268,524.24,21.91
100,0.001,rbf,0.9201,0.9220,176.80,17.85
100,0.003,rbf,0.9313,0.9317,150.81,16.60
100,0.005,rbf,0.9368,0.9371,172.00,15.72
100,0.007,rbf,0.9389,0.9392,190.07,15.87
100,0.009000000000000001,rbf,0.9403,0.9405,217.33,17.27
100,0.011,rbf,0.9382,0.9385,248.19,17.17
100,0.013000000000000001,rbf,0.9368,0.9371,267.25,20.58
100,0.015,rbf,0.9347,0.9352,289.60,18.28
100,0.017,rbf,0.9333,0.9339,314.22,25.70
100,0.019000000000000003,rbf,0.9319,0.9325,354.38,19.33
100,0.021,rbf,0.9326,0.9331,346.35,18.98
100,0.023,rbf,0.9333,0.9339,371.90,13.66
100,0.025,rbf,0.9306,0.9310,361.95,11.04
100,0.027000000000000003,rbf,0.9292,0.9297,347.99,10.76
100,0.029,rbf,0.9264,0.9268,352.68,6.88
100,0.031,rbf,0.9257,0.9261,310.31,6.13
