              precision    recall  f1-score   support

           0       0.91      1.00      0.95        10
           1       1.00      1.00      1.00        10
           2       1.00      1.00      1.00        10
           3       1.00      0.90      0.95        10
           4       1.00      1.00      1.00        10
           5       1.00      1.00      1.00        10
           6       1.00      1.00      1.00        10
           7       1.00      1.00      1.00        10
           8       1.00      1.00      1.00        10
           9       1.00      1.00      1.00        10

    accuracy                           0.99       100
   macro avg       0.99      0.99      0.99       100
weighted avg       0.99      0.99      0.99       100
