              precision    recall  f1-score   support

           0       1.00      0.90      0.95        10
           1       0.83      1.00      0.91        10
           2       0.89      0.80      0.84        10
           3       0.42      0.80      0.55        10
           4       1.00      0.90      0.95        10
           5       1.00      0.80      0.89        10
           6       1.00      0.50      0.67        10
           7       1.00      0.90      0.95        10
           8       0.91      1.00      0.95        10
           9       1.00      0.90      0.95        10

    accuracy                           0.85       100
   macro avg       0.91      0.85      0.86       100
weighted avg       0.91      0.85      0.86       100
