              precision    recall  f1-score   support

           0       1.00      1.00      1.00        20
           1       0.95      1.00      0.98        20
           2       1.00      1.00      1.00        20
           3       1.00      0.95      0.97        20
           4       0.95      0.95      0.95        20
           5       1.00      1.00      1.00        20
           6       0.95      1.00      0.98        20
           7       1.00      0.95      0.97        20
           8       1.00      1.00      1.00        20
           9       1.00      1.00      1.00        20

    accuracy                           0.98       200
   macro avg       0.99      0.98      0.98       200
weighted avg       0.99      0.98      0.98       200
