              precision    recall  f1-score   support

           0       1.00      0.90      0.95        10
           1       1.00      1.00      1.00        10
           2       1.00      1.00      1.00        10
           3       0.77      1.00      0.87        10
           4       1.00      0.90      0.95        10
           5       1.00      0.90      0.95        10
           6       1.00      0.80      0.89        10
           7       1.00      1.00      1.00        10
           8       0.77      1.00      0.87        10
           9       1.00      0.90      0.95        10

    accuracy                           0.94       100
   macro avg       0.95      0.94      0.94       100
weighted avg       0.95      0.94      0.94       100
